img_url
https:https://upload.wikimedia.org/wikipedia/en/thumb/0/00/Elle%2C_tu_l%27aimes.jpg/220px-Elle%2C_tu_l%27aimes.jpg
