img_url
https:https://upload.wikimedia.org/wikipedia/en/thumb/b/b4/Ambox_important.svg/40px-Ambox_important.svg.png
https:https://upload.wikimedia.org/wikipedia/en/thumb/9/99/Question_book-new.svg/50px-Question_book-new.svg.png
https:https://upload.wikimedia.org/wikipedia/en/thumb/9/99/Question_book-new.svg/50px-Question_book-new.svg.png
https:https://upload.wikimedia.org/wikipedia/commons/thumb/a/ae/Fire_mark_Dulwich.jpg/220px-Fire_mark_Dulwich.jpg
https:https://upload.wikimedia.org/wikipedia/commons/thumb/e/ee/St._Helen%27s_-_St._Mary_Axe-_2011-05-04.jpg/150px-St._Helen%27s_-_St._Mary_Axe-_2011-05-04.jpg
