img_url
https:https://upload.wikimedia.org/wikipedia/en/thumb/9/99/Question_book-new.svg/50px-Question_book-new.svg.png
https:https://upload.wikimedia.org/wikipedia/en/thumb/4/48/LgmasDMX.jpg/220px-LgmasDMX.jpg
https:https://upload.wikimedia.org/wikipedia/en/thumb/9/99/Question_book-new.svg/50px-Question_book-new.svg.png
