img_url
https:https://upload.wikimedia.org/wikipedia/commons/thumb/b/bc/Nosalov_01.JPG/250px-Nosalov_01.JPG
https:https://upload.wikimedia.org/wikipedia/commons/thumb/b/b1/Nos%C3%A1lov_CoA.jpg/100px-Nos%C3%A1lov_CoA.jpg
https:https://upload.wikimedia.org/wikipedia/commons/thumb/1/10/Czech_Republic_adm_location_map.svg/300px-Czech_Republic_adm_location_map.svg.png
