img_url
https:https://upload.wikimedia.org/wikipedia/en/thumb/9/99/Question_book-new.svg/50px-Question_book-new.svg.png
https:https://upload.wikimedia.org/wikipedia/commons/2/2b/Gamzigrad.jpg
https:https://upload.wikimedia.org/wikipedia/en/thumb/0/0d/Remains_of_the_4th-century_Felix_Romuliana_imperial_palace_at_Gamzigrad_%282008%29.jpg/250px-Remains_of_the_4th-century_Felix_Romuliana_imperial_palace_at_Gamzigrad_%282008%29.jpg
https:https://upload.wikimedia.org/wikipedia/commons/thumb/8/82/Carska_palata_Sirmijum1.JPG/250px-Carska_palata_Sirmijum1.JPG
https:https://upload.wikimedia.org/wikipedia/commons/thumb/f/fa/Medijana_mozaik.jpg/250px-Medijana_mozaik.jpg
https:https://upload.wikimedia.org/wikipedia/commons/thumb/5/5a/Tabula_Traiana.jpg/250px-Tabula_Traiana.jpg
https:https://upload.wikimedia.org/wikipedia/commons/thumb/a/aa/Turnu_Severin_Drobeta.jpg/250px-Turnu_Severin_Drobeta.jpg
https:https://upload.wikimedia.org/wikipedia/commons/thumb/f/f5/%D0%A6%D0%B0%D1%80%D0%B8%D1%87%D0%B8%D0%BD_%D0%B3%D1%80%D0%B0%D0%B4-Cari%C4%8Din_grad_2.jpg/250px-%D0%A6%D0%B0%D1%80%D0%B8%D1%87%D0%B8%D0%BD_%D0%B3%D1%80%D0%B0%D0%B4-Cari%C4%8Din_grad_2.jpg
https:https://upload.wikimedia.org/wikipedia/commons/thumb/9/96/Coat_of_arms_of_Serbia.svg/50px-Coat_of_arms_of_Serbia.svg.png
https:https://upload.wikimedia.org/wikipedia/en/thumb/9/99/Question_book-new.svg/50px-Question_book-new.svg.png
https:https://upload.wikimedia.org/wikipedia/commons/thumb/2/2f/Arms_of_Serbia.svg/80px-Arms_of_Serbia.svg.png
