img_url
https:https://upload.wikimedia.org/wikipedia/commons/thumb/9/9b/Northwest_view_of_South_Mosman_ferry_wharf%2C_August_2017.jpg/300px-Northwest_view_of_South_Mosman_ferry_wharf%2C_August_2017.jpg
